[
  {
    "order_id": "240420912D4QFE",
    "label_order_id": "240420912D4QFE",
    "platform": "SHOPEE",
    "file_url": "https://files.onpoint.vn/order/2024/04/20/90592543XNBJSNNAQ6XDIQMTXTGRCVGQ_shipping_label.pdf",
    "billing_date": "20/04/2024",
    "receiver_name": "Kh\u00e1nh Linh",
    "phone_number": "-",
    "street_name": "229/29, \u0110\u01b0\u1eddng Y\u00ean Ninh, Khu Ph\u1ed1 3",
    "ward": "Ph\u01b0\u1eddng \u0110\u00f4ng H\u1ea3i",
    "district": "Th\u00e0nh Ph\u1ed1 Phan Rang-Th\u00e1p Ch\u00e0m",
    "city": "Ninh Thu\u1eadn",
    "monitor_time": "2024-11-20 11:08:50.612781",
    "created_at": "2024-11-20 11:08:50.612790",
    "updated_at": "2024-11-20 11:08:50.612793"
  },
  {
    "order_id": "24042078RD56VC",
    "label_order_id": "24042078RD56VC",
    "platform": "SHOPEE",
    "file_url": "https://files.onpoint.vn/order/2024/04/20/810160326RBBARGNIV2ST6VM4POUQDPPI_shipping_label.pdf",
    "billing_date": "20/04/2024",
    "receiver_name": "Ph\u1ea1m Th\u1ecb Li\u00ean",
    "phone_number": "-",
    "street_name": "\u0110\u1ea1i l\u00ed Hu\u1ec7 Li\u00ean ( g\u1ea7n thpt Phan \u0110\u00ecnh Ph\u00f9ng)",
    "ward": "X\u00e3 \u0110\u1eafk N'Dung",
    "district": "Huy\u1ec7n \u0110\u1eafk Song",
    "city": "\u0110\u1eafk N\u00f4ng",
    "monitor_time": "2024-11-20 11:08:50.612781",
    "created_at": "2024-11-20 11:08:50.612790",
    "updated_at": "2024-11-20 11:08:50.612793"
  },
  {
    "order_id": "24042091KCNKTB",
    "label_order_id": "24042091KCNKTB",
    "platform": "SHOPEE",
    "file_url": "https://files.onpoint.vn/order/2024/04/20/70079988W3OY5YEAVNSLYPL54OJ2EHRN_shipping_label.pdf",
    "billing_date": "20/04/2024",
    "receiver_name": "L\u00fd Tu\u1ea5n",
    "phone_number": "-",
    "street_name": "111 Tr\u1ea7n H\u01b0ng \u0110ao",
    "ward": "Ph\u01b0\u1eddng D\u01b0\u01a1ng \u0110\u00f4ng",
    "district": "Th\u00e0nh Ph\u1ed1 Ph\u00fa Qu\u1ed1c",
    "city": "Ki\u00ean Giang",
    "monitor_time": "2024-11-20 11:08:50.612781",
    "created_at": "2024-11-20 11:08:50.612790",
    "updated_at": "2024-11-20 11:08:50.612793"
  },
  {
    "order_id": "240420910WEPH6",
    "label_order_id": "240420910WEPH6",
    "platform": "SHOPEE",
    "file_url": "https://files.onpoint.vn/order/2024/04/20/57887787I6HZ67O2YH34LNZYURDZWVCG_shipping_label.pdf",
    "billing_date": "20/04/2024",
    "receiver_name": "Nguy\u1ec5n Th\u1ecb Anh Th\u01b0",
    "phone_number": "-",
    "street_name": "X\u00f3m 8 th\u00f4n b\u00ecnh an",
    "ward": "X\u00e3 H\u00e0m Ch\u00ednh",
    "district": "Huy\u1ec7n H\u00e0m Thu\u1eadn B\u1eafc",
    "city": "B\u00ecnh Thu\u1eadn",
    "monitor_time": "2024-11-20 11:08:50.612781",
    "created_at": "2024-11-20 11:08:50.612790",
    "updated_at": "2024-11-20 11:08:50.612793"
  },
  {
    "order_id": "24042080ST5U1S",
    "label_order_id": "24042080ST5U1S",
    "platform": "SHOPEE",
    "file_url": "https://files.onpoint.vn/order/2024/04/20/335955272VZ3EETPTULEZCWRVU4TYRRRR_shipping_label.pdf",
    "billing_date": "20/04/2024",
    "receiver_name": "t\u00fa anh",
    "phone_number": "-",
    "street_name": "B1, Tr\u1ea7n Quang Di\u1ec7u",
    "ward": "Ph\u01b0\u1eddng 10",
    "district": "Th\u00e0nh Ph\u1ed1 \u0110\u00e0 L\u1ea1t",
    "city": "L\u00e2m \u0110\u1ed3ng",
    "monitor_time": "2024-11-20 11:08:50.612781",
    "created_at": "2024-11-20 11:08:50.612790",
    "updated_at": "2024-11-20 11:08:50.612793"
  },
  {
    "order_id": "240420773XQDRT",
    "label_order_id": "240420773XQDRT",
    "platform": "SHOPEE",
    "file_url": "https://files.onpoint.vn/order/2024/04/20/11010165857W6SSSUHH6XZLCHAXFBOT2V_shipping_label.pdf",
    "billing_date": "20/04/2024",
    "receiver_name": "Tran My Quyen",
    "phone_number": "-",
    "street_name": "P Xuan An Tp Phan Thiet, Hem 131 \u0110\u01b0\u1eddng Tr\u01b0\u1eddng Chinh, Kp3",
    "ward": "Ph\u01b0\u1eddng Xu\u00e2n An",
    "district": "Th\u00e0nh Ph\u1ed1 Phan Thi\u1ebft",
    "city": "B\u00ecnh Thu\u1eadn",
    "monitor_time": "2024-11-20 11:08:50.612781",
    "created_at": "2024-11-20 11:08:50.612790",
    "updated_at": "2024-11-20 11:08:50.612793"
  },
  {
    "order_id": "240420873YX01A",
    "label_order_id": "240420873YX01A",
    "platform": "SHOPEE",
    "file_url": "https://files.onpoint.vn/order/2024/04/20/490382635WRQU3X2GBKIWMLN6KH3MNGRC_shipping_label.pdf",
    "billing_date": "20/04/2024",
    "receiver_name": "NG\u1eccC ANH",
    "phone_number": "-",
    "street_name": "LOTTEMART C\u1ea6N TH\u01a0, 84 M\u1eacU TH\u00c2N",
    "ward": "Ph\u01b0\u1eddng An H\u00f2a",
    "district": "Qu\u1eadn Ninh Ki\u1ec1u",
    "city": "C\u1ea7n Th\u01a1",
    "monitor_time": "2024-11-20 11:08:50.612781",
    "created_at": "2024-11-20 11:08:50.612790",
    "updated_at": "2024-11-20 11:08:50.612793"
  },
  {
    "order_id": "24042082X5W5HA",
    "label_order_id": "24042082X5W5HA",
    "platform": "SHOPEE",
    "file_url": "https://files.onpoint.vn/order/2024/04/20/661225167G3LMD6L5Q3LUT63AT2R5LBXT_shipping_label.pdf",
    "billing_date": "20/04/2024",
    "receiver_name": "Anh Th\u01b0",
    "phone_number": "-",
    "street_name": "Ho\u00e0ng Trung",
    "ward": "X\u00e3 H\u1ed3ng D\u01b0\u01a1ng",
    "district": "Huy\u1ec7n Thanh Oai",
    "city": "H\u00e0 N\u1ed9i",
    "monitor_time": "2024-11-20 11:08:50.612781",
    "created_at": "2024-11-20 11:08:50.612790",
    "updated_at": "2024-11-20 11:08:50.612793"
  },
  {
    "order_id": "2404208CTPWX08",
    "label_order_id": "2404208CTPWX08",
    "platform": "SHOPEE",
    "file_url": "https://files.onpoint.vn/order/2024/04/20/2770231493JSB6S2BDHPMMAUKEPRYZL2Z_shipping_label.pdf",
    "billing_date": "20/04/2024",
    "receiver_name": "Tr\u1ecbnh Th\u1ecb Thu\u1ef7",
    "phone_number": "-",
    "street_name": "Nguy\u1ec7t Qu\u1ebf 2-11, khu \u0111\u00f4 th\u1ecb Vinhome Star City",
    "ward": "Ph\u01b0\u1eddng \u0110\u00f4ng H\u1ea3i",
    "district": "Th\u00e0nh Ph\u1ed1 Thanh H\u00f3a",
    "city": "Thanh H\u00f3a",
    "monitor_time": "2024-11-20 11:08:50.612781",
    "created_at": "2024-11-20 11:08:50.612790",
    "updated_at": "2024-11-20 11:08:50.612793"
  },
  {
    "order_id": "24042082YHSF7C",
    "label_order_id": "24042082YHSF7C",
    "platform": "SHOPEE",
    "file_url": "https://files.onpoint.vn/order/2024/04/20/600841102RF5UD5PISO7BK5LBD3SG53V7_shipping_label.pdf",
    "billing_date": "20/04/2024",
    "receiver_name": "Nguy\u1ec5n \u00c1nh",
    "phone_number": "-",
    "street_name": "S\u1ed1 56-57, \u0110\u01b0\u1eddng S\u1ed1 23, Khu \u0110\u00f4 Th\u1ecb Tp Giao L\u01b0u",
    "ward": "Ph\u01b0\u1eddng C\u1ed5 Nhu\u1ebf 2",
    "district": "Qu\u1eadn B\u1eafc T\u1eeb Li\u00eam",
    "city": "H\u00e0 N\u1ed9i",
    "monitor_time": "2024-11-20 11:08:50.612781",
    "created_at": "2024-11-20 11:08:50.612790",
    "updated_at": "2024-11-20 11:08:50.612793"
  },
  {
    "order_id": "240420821XSMAP",
    "label_order_id": "240420821XSMAP",
    "platform": "SHOPEE",
    "file_url": "https://files.onpoint.vn/order/2024/04/20/105963824WXESA3EYP5LW4QWDCHKE3ICE_shipping_label.pdf",
    "billing_date": "20/04/2024",
    "receiver_name": "Nguy\u1ec5n H\u1ed3ng Minh",
    "phone_number": "-",
    "street_name": "S\u1ed1 66, Ng\u00f5 14 Ph\u1ed1 M\u1ec5 Tr\u00ec H\u1ea1, P. M\u1ec5 Tr\u00ec H\u1ea1",
    "ward": "Ph\u01b0\u1eddng M\u1ec5 Tr\u00ec",
    "district": "Qu\u1eadn Nam T\u1eeb Li\u00eam",
    "city": "H\u00e0 N\u1ed9i",
    "monitor_time": "2024-11-20 11:08:50.612781",
    "created_at": "2024-11-20 11:08:50.612790",
    "updated_at": "2024-11-20 11:08:50.612793"
  },
  {
    "order_id": "2404208W3WQS6F",
    "label_order_id": "2404208W3WQS6F",
    "platform": "SHOPEE",
    "file_url": "https://files.onpoint.vn/order/2024/04/20/924698373MZI26D5IQ2G3O65KVO3C6WER_shipping_label.pdf",
    "billing_date": "20/04/2024",
    "receiver_name": "L\u01b0u H\u1ed3ng Duy\u00ean",
    "phone_number": "-",
    "street_name": "C\u00f4ng Nghi\u1ec7p A, Kh\u00e1nh H\u01b0ng",
    "ward": "X\u00e3 Kh\u00e1nh H\u01b0ng",
    "district": "Huy\u1ec7n Tr\u1ea7n V\u0103n Th\u1eddi",
    "city": "C\u00e0 Mau",
    "monitor_time": "2024-11-20 11:08:50.612781",
    "created_at": "2024-11-20 11:08:50.612790",
    "updated_at": "2024-11-20 11:08:50.612793"
  },
  {
    "order_id": "2404207SX9EUG4",
    "label_order_id": "2404207SX9EUG4",
    "platform": "SHOPEE",
    "file_url": "https://files.onpoint.vn/order/2024/04/20/995031354JTLAKZ533Q44H2T46VQ3HIJL_shipping_label.pdf",
    "billing_date": "20/04/2024",
    "receiver_name": "Linh Ph\u01b0\u01a1ng",
    "phone_number": "-",
    "street_name": "Chung C\u01b0 Gemek 2, \u0110\u01b0\u1eddng L\u00ea Tr\u1ecdng T\u1ea5n",
    "ward": "X\u00e3 An Kh\u00e1nh",
    "district": "Huy\u1ec7n Ho\u00e0i \u0110\u1ee9c",
    "city": "H\u00e0 N\u1ed9i",
    "monitor_time": "2024-11-20 11:08:50.612781",
    "created_at": "2024-11-20 11:08:50.612790",
    "updated_at": "2024-11-20 11:08:50.612793"
  },
  {
    "order_id": "2404208KCEV0UV",
    "label_order_id": "2404208KCEV0UV",
    "platform": "SHOPEE",
    "file_url": "https://files.onpoint.vn/order/2024/04/20/3524338163WZ6O3DUEHRCWQMHEDZAE6AX_shipping_label.pdf",
    "billing_date": "20/04/2024",
    "receiver_name": "Chu Th\u1ecb Thanh Th\u01b0",
    "phone_number": "-",
    "street_name": "Ph\u00f2ng Lao \u0110\u1ed9ng Tb&xh Th\u1ecb X\u00e3 \u0110\u00f4ng Tri\u1ec1u T\u1ec9nh Qu\u1ea3ng Ninh",
    "ward": "Ph\u01b0\u1eddng \u0110\u1ee9c Ch\u00ednh",
    "district": "Th\u1ecb X\u00e3 \u0110\u00f4ng Tri\u1ec1u",
    "city": "Qu\u1ea3ng Ninh",
    "monitor_time": "2024-11-20 11:08:50.612781",
    "created_at": "2024-11-20 11:08:50.612790",
    "updated_at": "2024-11-20 11:08:50.612793"
  },
  {
    "order_id": "24042096A85JGH",
    "label_order_id": "24042096A85JGH",
    "platform": "SHOPEE",
    "file_url": "https://files.onpoint.vn/order/2024/04/20/579460911TSHCSW3BONBBFSZ4GCXKEZSL_shipping_label.pdf",
    "billing_date": "20/04/2024",
    "receiver_name": "Kim Ng\u00e2n",
    "phone_number": "-",
    "street_name": "19 \u0110\u01b0\u1eddng Tr\u01b0\u1eddng Chinh",
    "ward": "Ph\u01b0\u1eddng 11",
    "district": "Qu\u1eadn T\u00e2n B\u00ecnh",
    "city": "TP. H\u1ed3 Ch\u00ed Minh",
    "monitor_time": "2024-11-20 11:08:50.612781",
    "created_at": "2024-11-20 11:08:50.612790",
    "updated_at": "2024-11-20 11:08:50.612793"
  },
  {
    "order_id": "2404208D85Y4AB",
    "label_order_id": "2404208D85Y4AB",
    "platform": "SHOPEE",
    "file_url": "https://files.onpoint.vn/order/2024/04/20/7371487952RSFDD5MEDYIECSWMKYPK6TI_shipping_label.pdf",
    "billing_date": "20/04/2024",
    "receiver_name": "B\u00f9i Th\u1ecb H\u1eadu",
    "phone_number": "-",
    "street_name": "S\u1ed1 nh\u00e0 23 \u0110\u01b0\u1eddng Nh\u00e0 Th\u1edd- B\u1eb1ng S\u1edf- Ninh S\u1edf- Th\u01b0\u1eddng T\u00edn- H\u00e0 N\u1ed9i",
    "ward": "X\u00e3 Ninh S\u1edf",
    "district": "Huy\u1ec7n Th\u01b0\u1eddng T\u00edn",
    "city": "H\u00e0 N\u1ed9i",
    "monitor_time": "2024-11-20 11:08:50.612781",
    "created_at": "2024-11-20 11:08:50.612790",
    "updated_at": "2024-11-20 11:08:50.612793"
  },
  {
    "order_id": "24042075Q4C5C0",
    "label_order_id": "24042075Q4C5C0",
    "platform": "SHOPEE",
    "file_url": "https://files.onpoint.vn/order/2024/04/20/2324203257A5QFDDIAE5ZG5XNVUHKR74_shipping_label.pdf",
    "billing_date": "20/04/2024",
    "receiver_name": "Nguy\u1ec5n Chang",
    "phone_number": "-",
    "street_name": "C\u00f4ng ty Tr\u01b0\u1eddng Kh\u00e1nh",
    "ward": "X\u00e3 Trung Gi\u00e3",
    "district": "Huy\u1ec7n S\u00f3c S\u01a1n",
    "city": "H\u00e0 N\u1ed9i",
    "monitor_time": "2024-11-20 11:08:50.612781",
    "created_at": "2024-11-20 11:08:50.612790",
    "updated_at": "2024-11-20 11:08:50.612793"
  },
  {
    "order_id": "2404207KM2RFF7",
    "label_order_id": "2404207KM2RFF7",
    "platform": "SHOPEE",
    "file_url": "https://files.onpoint.vn/order/2024/04/20/407503318NLJPIKW7CQZGMR4RE4CKUXO6_shipping_label.pdf",
    "billing_date": "20/04/2024",
    "receiver_name": "Nguy\u1ec5n Th\u1ecb B\u00edch Th\u1ee7y",
    "phone_number": "-",
    "street_name": "\u1ea4p tr\u1ea7n h\u01b0ng \u0111\u1ea1o, x\u00e3 tam th\u00f4n hi\u1ec7p",
    "ward": "X\u00e3 Tam Th\u00f4n Hi\u1ec7p",
    "district": "Huy\u1ec7n C\u1ea7n Gi\u1edd",
    "city": "TP. H\u1ed3 Ch\u00ed Minh",
    "monitor_time": "2024-11-20 11:08:50.612781",
    "created_at": "2024-11-20 11:08:50.612790",
    "updated_at": "2024-11-20 11:08:50.612793"
  },
  {
    "order_id": "2404207D8BD9WM",
    "label_order_id": "2404207D8BD9WM",
    "platform": "SHOPEE",
    "file_url": "https://files.onpoint.vn/order/2024/04/20/111278845YDDZS7F4CL6BX2WPN2CM2CDP_shipping_label.pdf",
    "billing_date": "20/04/2024",
    "receiver_name": "M\u00e3 th\u1ecb thu h\u00e0",
    "phone_number": "-",
    "street_name": "Th\u00f4n h\u01b0\u01a1ng giang x\u00e3 \u0111\u1ea1i \u0111\u1ed3ng huy\u1ec7n y\u00ean b\u00ecnh t\u1ec9nh y\u00ean b\u00e1i",
    "ward": "X\u00e3 \u0110\u1ea1i \u0110\u1ed3ng",
    "district": "Huy\u1ec7n Y\u00ean B\u00ecnh",
    "city": "Y\u00ean B\u00e1i",
    "monitor_time": "2024-11-20 11:08:50.612781",
    "created_at": "2024-11-20 11:08:50.612790",
    "updated_at": "2024-11-20 11:08:50.612793"
  },
  {
    "order_id": "2404208BDH4CDY",
    "label_order_id": "2404208BDH4CDY",
    "platform": "SHOPEE",
    "file_url": "https://files.onpoint.vn/order/2024/04/20/356589982UWBIFWYJI2IJO35RWM4XTY46_shipping_label.pdf",
    "billing_date": "20/04/2024",
    "receiver_name": "Nguy\u1ec5n \u0110\u1ee9c An Vy",
    "phone_number": "-",
    "street_name": "G11 Tr\u1ea7n Anh T\u00f4ng",
    "ward": "Ph\u01b0\u1eddng 8",
    "district": "Th\u00e0nh Ph\u1ed1 \u0110\u00e0 L\u1ea1t",
    "city": "L\u00e2m \u0110\u1ed3ng",
    "monitor_time": "2024-11-20 11:08:50.612781",
    "created_at": "2024-11-20 11:08:50.612790",
    "updated_at": "2024-11-20 11:08:50.612793"
  },
  {
    "order_id": "24042089HBMQ2J",
    "label_order_id": "24042089HBMQ2J",
    "platform": "SHOPEE",
    "file_url": "https://files.onpoint.vn/order/2024/04/20/97171917U2OKZGGGQLIRVTCKJI2DWBCE_shipping_label.pdf",
    "billing_date": "20/04/2024",
    "receiver_name": "L\u00ea B\u1ea3o Khanh",
    "phone_number": "-",
    "street_name": "82 Nguy\u1ec5n Th\u1ecb Ngh\u0129a",
    "ward": "Ph\u01b0\u1eddng 2",
    "district": "Th\u00e0nh Ph\u1ed1 \u0110\u00e0 L\u1ea1t",
    "city": "L\u00e2m \u0110\u1ed3ng",
    "monitor_time": "2024-11-20 11:08:50.612781",
    "created_at": "2024-11-20 11:08:50.612790",
    "updated_at": "2024-11-20 11:08:50.612793"
  },
  {
    "order_id": "2404207F3266G2",
    "label_order_id": "2404207F3266G2",
    "platform": "SHOPEE",
    "file_url": "https://files.onpoint.vn/order/2024/04/20/24355480Y6EB3BEKLK4OEIPRQQSN7V7V_shipping_label.pdf",
    "billing_date": "20/04/2024",
    "receiver_name": "Ki\u1ec7t L\u01b0u",
    "phone_number": "-",
    "street_name": "62/25b, X\u00f3m \u0110\u1ea5t",
    "ward": "Ph\u01b0\u1eddng 8",
    "district": "Qu\u1eadn 11",
    "city": "TP. H\u1ed3 Ch\u00ed Minh",
    "monitor_time": "2024-11-20 11:08:50.612781",
    "created_at": "2024-11-20 11:08:50.612790",
    "updated_at": "2024-11-20 11:08:50.612793"
  },
  {
    "order_id": "24042075AF3V5T",
    "label_order_id": "24042075AF3V5T",
    "platform": "SHOPEE",
    "file_url": "https://files.onpoint.vn/order/2024/04/20/863706125PESLK6JC6YRTFFOZ6HHG4RX5_shipping_label.pdf",
    "billing_date": "20/04/2024",
    "receiver_name": "Ng\u1ecdc Hi\u1ebfu",
    "phone_number": "-",
    "street_name": "347/14 Tr\u01b0\u1eddng Chinh, Ninh Ch\u1eef 1 ( ch\u1ee3 Ninh Ch\u1eef)",
    "ward": "Th\u1ecb Tr\u1ea5n Kh\u00e1nh H\u1ea3i",
    "district": "Huy\u1ec7n Ninh H\u1ea3i",
    "city": "Ninh Thu\u1eadn",
    "monitor_time": "2024-11-20 11:08:50.612781",
    "created_at": "2024-11-20 11:08:50.612790",
    "updated_at": "2024-11-20 11:08:50.612793"
  },
  {
    "order_id": "24042074QKC34F",
    "label_order_id": "24042074QKC34F",
    "platform": "SHOPEE",
    "file_url": "https://files.onpoint.vn/order/2024/04/20/442602169ZALQB5XLGHZE2IIFIEKAIZL7_shipping_label.pdf",
    "billing_date": "20/04/2024",
    "receiver_name": "Ki\u1ec1u duy\u00ean",
    "phone_number": "-",
    "street_name": "Ch\u1ee3 tu\u00fd loan. Tu\u00fd loan \u0111\u00f4ng 1",
    "ward": "X\u00e3 H\u00f2a Phong",
    "district": "Huy\u1ec7n H\u00f2a Vang",
    "city": "\u0110\u00e0 N\u1eb5ng",
    "monitor_time": "2024-11-20 11:08:50.612781",
    "created_at": "2024-11-20 11:08:50.612790",
    "updated_at": "2024-11-20 11:08:50.612793"
  },
  {
    "order_id": "2404208QTD6XFT",
    "label_order_id": "2404208QTD6XFT",
    "platform": "SHOPEE",
    "file_url": "https://files.onpoint.vn/order/2024/04/20/145770366IJ5QRWESWVVUKS2XEYVQGHNE_shipping_label.pdf",
    "billing_date": "20/04/2024",
    "receiver_name": "Nguy\u1ec5n H\u1ed3ng Ph\u00fac",
    "phone_number": "-",
    "street_name": "Kdc H\u1ed3ng Ph\u00e1t, 2b \u0110\u01b0\u1eddng S\u1ed1 9, Ph\u01b0\u1eddng An B\u00ecnh",
    "ward": "Ph\u01b0\u1eddng An B\u00ecnh",
    "district": "Qu\u1eadn Ninh Ki\u1ec1u",
    "city": "C\u1ea7n Th\u01a1",
    "monitor_time": "2024-11-20 11:08:50.612781",
    "created_at": "2024-11-20 11:08:50.612790",
    "updated_at": "2024-11-20 11:08:50.612793"
  },
  {
    "order_id": "24042082C4XY52",
    "label_order_id": "24042082C4XY52",
    "platform": "SHOPEE",
    "file_url": "https://files.onpoint.vn/order/2024/04/20/495644651646BS26H5WKQSOEUOYDAWSBQ_shipping_label.pdf",
    "billing_date": "20/04/2024",
    "receiver_name": "H\u1ed3 H\u1ea3i Nhi",
    "phone_number": "-",
    "street_name": "31 B\u00e0 Tri\u1ec7u",
    "ward": "Th\u1ecb Tr\u1ea5n \u0110\u1ed3ng L\u00ea",
    "district": "Huy\u1ec7n Tuy\u00ean H\u00f3a",
    "city": "Qu\u1ea3ng B\u00ecnh",
    "monitor_time": "2024-11-20 11:08:50.612781",
    "created_at": "2024-11-20 11:08:50.612790",
    "updated_at": "2024-11-20 11:08:50.612793"
  },
  {
    "order_id": "24042079VF46PJ",
    "label_order_id": "24042079VF46PJ",
    "platform": "SHOPEE",
    "file_url": "https://files.onpoint.vn/order/2024/04/20/437094449C4LQCMIXLBS22PKVZMONL7ER_shipping_label.pdf",
    "billing_date": "20/04/2024",
    "receiver_name": "Ph\u1ea1m Th\u1ecb Hi\u1ec1n",
    "phone_number": "-",
    "street_name": "S\u1ed1 Nh\u00e0 28, Ng\u00f5 147 \u0110\u01b0\u1eddng Ph\u00fa \u0110\u00f4",
    "ward": "Ph\u01b0\u1eddng Ph\u00fa \u0110\u00f4",
    "district": "Qu\u1eadn Nam T\u1eeb Li\u00eam",
    "city": "H\u00e0 N\u1ed9i",
    "monitor_time": "2024-11-20 11:08:50.612781",
    "created_at": "2024-11-20 11:08:50.612790",
    "updated_at": "2024-11-20 11:08:50.612793"
  },
  {
    "order_id": "24042084PYNT6J",
    "label_order_id": "24042084PYNT6J",
    "platform": "SHOPEE",
    "file_url": "https://files.onpoint.vn/order/2024/04/20/107293312XZ2UENRFNMNNW6RUZZM5XVHQ_shipping_label.pdf",
    "billing_date": "20/04/2024",
    "receiver_name": "Ng\u1ecdc Ph\u00f9ng",
    "phone_number": "-",
    "street_name": "\u1ea4p An Th\u00e0nh( ti\u1ec7m B\u00e1nh Kem Thanh Li\u00eam) \u0111\u1ed1i di\u1ec7n tr\u01b0\u1eddng THCS Ph\u00fa An",
    "ward": "X\u00e3 An T\u00e2y",
    "district": "Th\u1ecb X\u00e3 B\u1ebfn C\u00e1t",
    "city": "B\u00ecnh D\u01b0\u01a1ng",
    "monitor_time": "2024-11-20 11:08:50.612781",
    "created_at": "2024-11-20 11:08:50.612790",
    "updated_at": "2024-11-20 11:08:50.612793"
  },
  {
    "order_id": "2404208CS5B6JE",
    "label_order_id": "2404208CS5B6JE",
    "platform": "SHOPEE",
    "file_url": "https://files.onpoint.vn/order/2024/04/20/691213550TFAGOHAQUK3TEBO6LKPCHDRR_shipping_label.pdf",
    "billing_date": "20/04/2024",
    "receiver_name": "B\u00f9i xu\u00e2n",
    "phone_number": "-",
    "street_name": "A6 Ng\u00f5 176 \u0110\u00ecnh Th\u00f4n, Khu Five Star",
    "ward": "Ph\u01b0\u1eddng M\u1ef9 \u0110\u00ecnh 2",
    "district": "Qu\u1eadn Nam T\u1eeb Li\u00eam",
    "city": "H\u00e0 N\u1ed9i",
    "monitor_time": "2024-11-20 11:08:50.612781",
    "created_at": "2024-11-20 11:08:50.612790",
    "updated_at": "2024-11-20 11:08:50.612793"
  },
  {
    "order_id": "240404T96ECJ4G",
    "label_order_id": null,
    "platform": "SHOPEE",
    "file_url": "https://files.onpoint.vn/order/2024/04/20/SC86KW72P4ALPBABGT5TZH6AXWKV6A_shipping_label.pdf",
    "billing_date": "20/04/2024",
    "receiver_name": "Nguy\u00ean Nguy\u1ec5n",
    "phone_number": "037****897",
    "street_name": "Chung c\u01b0 Hoa Ph\u01b0\u1ee3ng- QL1a, Ph\u01b0\u1eddng Th\u1edbi An, Qu\u1eadn 12, TP...",
    "ward": "Ph\u01b0\u1eddng Th\u1edbi An",
    "district": "Qu\u1eadn 12",
    "city": "H\u1ed3 Ch\u00ed Minh",
    "monitor_time": "2024-11-20 11:08:50.612781",
    "created_at": "2024-11-20 11:08:50.612790",
    "updated_at": "2024-11-20 11:08:50.612793"
  },
  {
    "order_id": "2404195QH1X4VM",
    "label_order_id": "2404195QH1X4VM",
    "platform": "SHOPEE",
    "file_url": "https://files.onpoint.vn/order/2024/04/20/602133748VLQNMCDOBX4HMPOWZ3GNLNPW_shipping_label.pdf",
    "billing_date": "20/04/2024",
    "receiver_name": "V\u0169 Th\u1ecb Ch\u00e2m",
    "phone_number": "-",
    "street_name": "Chung c\u01b0 Hyundai Hillstate",
    "ward": "Ph\u01b0\u1eddng H\u00e0 C\u1ea7u",
    "district": "Qu\u1eadn H\u00e0 \u0110\u00f4ng",
    "city": "H\u00e0 N\u1ed9i",
    "monitor_time": "2024-11-20 11:08:50.612781",
    "created_at": "2024-11-20 11:08:50.612790",
    "updated_at": "2024-11-20 11:08:50.612793"
  },
  {
    "order_id": "24042088430W6X",
    "label_order_id": "24042088430W6X",
    "platform": "SHOPEE",
    "file_url": "https://files.onpoint.vn/order/2024/04/20/505494341JRXDYNYNYCQN363BOTDUP2JX_shipping_label.pdf",
    "billing_date": "20/04/2024",
    "receiver_name": "B\u00f9i Th\u1ecb B\u1ea3o Ng\u1ecdc",
    "phone_number": "-",
    "street_name": "Ch\u1ee3 \u0111\u00ecnh ( \u1ed0t \u0111\u1ed3 tr\u1ebb em Giang vi\u1ec7t )",
    "ward": "Th\u1ecb Tr\u1ea5n Anh S\u01a1n",
    "district": "Huy\u1ec7n Anh S\u01a1n",
    "city": "Ngh\u1ec7 An",
    "monitor_time": "2024-11-20 11:08:50.612781",
    "created_at": "2024-11-20 11:08:50.612790",
    "updated_at": "2024-11-20 11:08:50.612793"
  },
  {
    "order_id": "2404207687SYMF",
    "label_order_id": "2404207687SYMF",
    "platform": "SHOPEE",
    "file_url": "https://files.onpoint.vn/order/2024/04/20/162880769ZOPLT7TXRNQPGWIFJTBRKF4O_shipping_label.pdf",
    "billing_date": "20/04/2024",
    "receiver_name": "\u0110\u1eb7ng Lan",
    "phone_number": "-",
    "street_name": "95/11, Tr\u1ea7n V\u0103n D\u01b0",
    "ward": "Ph\u01b0\u1eddng M\u1ef9 An",
    "district": "Qu\u1eadn Ng\u0169 H\u00e0nh S\u01a1n",
    "city": "\u0110\u00e0 N\u1eb5ng",
    "monitor_time": "2024-11-20 11:08:50.612781",
    "created_at": "2024-11-20 11:08:50.612790",
    "updated_at": "2024-11-20 11:08:50.612793"
  },
  {
    "order_id": "2404207KBD75DT",
    "label_order_id": "2404207KBD75DT",
    "platform": "SHOPEE",
    "file_url": "https://files.onpoint.vn/order/2024/04/20/55334568KTZFIXBOG2KDMG2LXBEG756J_shipping_label.pdf",
    "billing_date": "20/04/2024",
    "receiver_name": "117/138 A Nguy\u1ec5n H\u1eefu C\u1ea3nh - B\u00ecnh",
    "phone_number": "-",
    "street_name": "Th\u1ea1nh - TPHCM 117/134 Nguy\u1ec5n H\u1eefu C\u1ea3nh",
    "ward": "Ph\u01b0\u1eddng 22",
    "district": "Qu\u1eadn B\u00ecnh Th\u1ea1nh",
    "city": "TP. H\u1ed3 Ch\u00ed Minh",
    "monitor_time": "2024-11-20 11:08:50.612781",
    "created_at": "2024-11-20 11:08:50.612790",
    "updated_at": "2024-11-20 11:08:50.612793"
  },
  {
    "order_id": "2404207DRJ7FT5",
    "label_order_id": "2404207DRJ7FT5",
    "platform": "SHOPEE",
    "file_url": "https://files.onpoint.vn/order/2024/04/20/145504002WC2WY2EDB25LVOB6OUGU4JHS_shipping_label.pdf",
    "billing_date": "20/04/2024",
    "receiver_name": "L\u00ca THU\u00dd H\u1eb0NG",
    "phone_number": "-",
    "street_name": "Chung C\u01b0 The Park Residence, block b2, 12 Nguy\u1ec5n H\u1eefu Th\u1ecd",
    "ward": "X\u00e3 Ph\u01b0\u1edbc Ki\u1ec3n",
    "district": "Huy\u1ec7n Nh\u00e0 B\u00e8",
    "city": "TP. H\u1ed3 Ch\u00ed Minh",
    "monitor_time": "2024-11-20 11:08:50.612781",
    "created_at": "2024-11-20 11:08:50.612790",
    "updated_at": "2024-11-20 11:08:50.612793"
  },
  {
    "order_id": "2404196JTWMJJ1",
    "label_order_id": "2404196JTWMJJ1",
    "platform": "SHOPEE",
    "file_url": "https://files.onpoint.vn/order/2024/04/20/893277890ZOQIT7APRBGLRHF7R44AJIQQ_shipping_label.pdf",
    "billing_date": "20/04/2024",
    "receiver_name": "Huy\u1ec1n Store",
    "phone_number": "-",
    "street_name": "T\u00f2a a7 \u0110\u1ea1i hoc Y - S\u1ed1 1 T\u00f4n Th\u00e2t T\u00f9ng",
    "ward": "Ph\u01b0\u1eddng Trung T\u1ef1",
    "district": "Qu\u1eadn \u0110\u1ed1ng \u0110a",
    "city": "H\u00e0 N\u1ed9i",
    "monitor_time": "2024-11-20 11:08:50.612781",
    "created_at": "2024-11-20 11:08:50.612790",
    "updated_at": "2024-11-20 11:08:50.612793"
  },
  {
    "order_id": "2404208AUQSM5B",
    "label_order_id": "2404208AUQSM5B",
    "platform": "SHOPEE",
    "file_url": "https://files.onpoint.vn/order/2024/04/20/628377874GILBMW75LM4YCAZXWVS5TBW7_shipping_label.pdf",
    "billing_date": "20/04/2024",
    "receiver_name": "Nguy\u1ec5n Y\u1ebfn",
    "phone_number": "-",
    "street_name": "34 Ho\u00e0ng C\u1ea7u",
    "ward": "Ph\u01b0\u1eddng \u00d4 Ch\u1ee3 D\u1eeba",
    "district": "Qu\u1eadn \u0110\u1ed1ng \u0110a",
    "city": "H\u00e0 N\u1ed9i",
    "monitor_time": "2024-11-20 11:08:50.612781",
    "created_at": "2024-11-20 11:08:50.612790",
    "updated_at": "2024-11-20 11:08:50.612793"
  },
  {
    "order_id": "2404207BA19G1Q",
    "label_order_id": "2404207BA19G1Q",
    "platform": "SHOPEE",
    "file_url": "https://files.onpoint.vn/order/2024/04/20/901619497XIMXNOUSDS25T4M3PJPJEHLK_shipping_label.pdf",
    "billing_date": "20/04/2024",
    "receiver_name": "Huy Nguy\u1ec5n",
    "phone_number": "-",
    "street_name": "An M\u1ef9, An M\u1ef9",
    "ward": "X\u00e3 Vinh An",
    "district": "Huy\u1ec7n Ph\u00fa Vang",
    "city": "Th\u1eeba Thi\u00ean Hu\u1ebf",
    "monitor_time": "2024-11-20 11:08:50.612781",
    "created_at": "2024-11-20 11:08:50.612790",
    "updated_at": "2024-11-20 11:08:50.612793"
  },
  {
    "order_id": "240420885DW8RY",
    "label_order_id": "240420885DW8RY",
    "platform": "SHOPEE",
    "file_url": "https://files.onpoint.vn/order/2024/04/20/570063687TQQ7EWTUZF6RHZOQMRJDB6XQ_shipping_label.pdf",
    "billing_date": "20/04/2024",
    "receiver_name": "Hu\u1ef3nh th\u1ecb ki\u1ec1u oanh",
    "phone_number": "-",
    "street_name": "Khu A, c\u1ed5ng 2 cty brotex,kcn ph\u01b0\u1edbc \u0111\u00f4ng, x\u00e3 ph\u01b0\u1edbc \u0111\u00f4ng,huy\u1ec7n g\u00f2 d\u1ea7u ,t\u1ec9nh t\u00e2y ninh(gi\u1edd h\u00e0nh ch\u00ednh )",
    "ward": "X\u00e3 Ph\u01b0\u1edbc \u0110\u00f4ng",
    "district": "Huy\u1ec7n G\u00f2 D\u1ea7u",
    "city": "T\u00e2y Ninh",
    "monitor_time": "2024-11-20 11:08:50.612781",
    "created_at": "2024-11-20 11:08:50.612790",
    "updated_at": "2024-11-20 11:08:50.612793"
  },
  {
    "order_id": "24042074C39B5J",
    "label_order_id": "24042074C39B5J",
    "platform": "SHOPEE",
    "file_url": "https://files.onpoint.vn/order/2024/04/20/95750019FVLFR3IKZB4K4QQ4OGWOSFOS_shipping_label.pdf",
    "billing_date": "20/04/2024",
    "receiver_name": "Thanh Hoa",
    "phone_number": "-",
    "street_name": "S\u1ed1 Nh\u00e0 22, Ng\u00f5 263 \u0110\u01b0\u1eddng Nguy\u1ec5n V\u0103n Linh",
    "ward": "Ph\u01b0\u1eddng Ph\u00fac \u0110\u1ed3ng",
    "district": "Qu\u1eadn Long Bi\u00ean",
    "city": "H\u00e0 N\u1ed9i",
    "monitor_time": "2024-11-20 11:08:50.612781",
    "created_at": "2024-11-20 11:08:50.612790",
    "updated_at": "2024-11-20 11:08:50.612793"
  },
  {
    "order_id": "240420750U305F",
    "label_order_id": "240420750U305F",
    "platform": "SHOPEE",
    "file_url": "https://files.onpoint.vn/order/2024/04/20/445062101MFDRBXTBB45FKHUZAOD4HQQM_shipping_label.pdf",
    "billing_date": "20/04/2024",
    "receiver_name": "Tran Dung",
    "phone_number": "-",
    "street_name": "M\u01b0\u1eddng Bo 2",
    "ward": "X\u00e3 M\u01b0\u1eddng Bo",
    "district": "Th\u1ecb X\u00e3 Sa Pa",
    "city": "L\u00e0o Cai",
    "monitor_time": "2024-11-20 11:08:50.612781",
    "created_at": "2024-11-20 11:08:50.612790",
    "updated_at": "2024-11-20 11:08:50.612793"
  },
  {
    "order_id": "2404207PBHT1PR",
    "label_order_id": "2404207PBHT1PR",
    "platform": "SHOPEE",
    "file_url": "https://files.onpoint.vn/order/2024/04/20/788147496ZHNHWTVKAZZHFB3QHLATRTYD_shipping_label.pdf",
    "billing_date": "20/04/2024",
    "receiver_name": "Nguy\u1ec5n Thanh V\u00e2n",
    "phone_number": "-",
    "street_name": "S\u1ed1 nh\u00e0 6 ph\u00f4 h\u1ed3ng v\u00e2n, t\u1ed5 4 khu 4b",
    "ward": "Ph\u01b0\u1eddng H\u1ed3ng H\u1ea3i",
    "district": "Th\u00e0nh Ph\u1ed1 H\u1ea1 Long",
    "city": "Qu\u1ea3ng Ninh",
    "monitor_time": "2024-11-20 11:08:50.612781",
    "created_at": "2024-11-20 11:08:50.612790",
    "updated_at": "2024-11-20 11:08:50.612793"
  },
  {
    "order_id": "2404208CG75JJ9",
    "label_order_id": "2404208CG75JJ9",
    "platform": "SHOPEE",
    "file_url": "https://files.onpoint.vn/order/2024/04/20/7816830467CPMOMQZP3E4TYXAGX5P7IYO_shipping_label.pdf",
    "billing_date": "20/04/2024",
    "receiver_name": "Thu\u1ef3 Trang",
    "phone_number": "-",
    "street_name": "Nh\u00e0 S\u1ed1 9, \u0110\u01b0\u1eddng S\u1ed1 2, \u1ea4p T\u00e2n Ti\u1ebfn",
    "ward": "X\u00e3 Xu\u00e2n Hi\u1ec7p",
    "district": "Huy\u1ec7n Xu\u00e2n L\u1ed9c",
    "city": "\u0110\u1ed3ng Nai",
    "monitor_time": "2024-11-20 11:08:50.612781",
    "created_at": "2024-11-20 11:08:50.612790",
    "updated_at": "2024-11-20 11:08:50.612793"
  },
  {
    "order_id": "24042076G1NR1X",
    "label_order_id": "24042076G1NR1X",
    "platform": "SHOPEE",
    "file_url": "https://files.onpoint.vn/order/2024/04/20/68758010J55BXDQZAISA5HFGFTHRRX4X_shipping_label.pdf",
    "billing_date": "20/04/2024",
    "receiver_name": "B\u00f9i Huy\u1ec1n",
    "phone_number": "-",
    "street_name": "41 Ng\u00f5 292 Kim Giang",
    "ward": "Ph\u01b0\u1eddng \u0110\u1ea1i Kim",
    "district": "Qu\u1eadn Ho\u00e0ng Mai",
    "city": "H\u00e0 N\u1ed9i",
    "monitor_time": "2024-11-20 11:08:50.612781",
    "created_at": "2024-11-20 11:08:50.612790",
    "updated_at": "2024-11-20 11:08:50.612793"
  },
  {
    "order_id": "2404207ATP4BNG",
    "label_order_id": "2404207ATP4BNG",
    "platform": "SHOPEE",
    "file_url": "https://files.onpoint.vn/order/2024/04/20/189658975LNIWBRVHYKJ4XTLQFHK2WDG_shipping_label.pdf",
    "billing_date": "20/04/2024",
    "receiver_name": "B\u00ecnh V\u0169",
    "phone_number": "-",
    "street_name": "S\u1ed1 nh\u00e0 37, ng\u00f5 197, \u0111\u01b0\u1eddng Tr\u1ea7n Ph\u00fa, ph\u01b0\u1eddng V\u0103n Qu\u00e1n",
    "ward": "Ph\u01b0\u1eddng V\u0103n Qu\u00e1n",
    "district": "Qu\u1eadn H\u00e0 \u0110\u00f4ng",
    "city": "H\u00e0 N\u1ed9i",
    "monitor_time": "2024-11-20 11:08:50.612781",
    "created_at": "2024-11-20 11:08:50.612790",
    "updated_at": "2024-11-20 11:08:50.612793"
  },
  {
    "order_id": "24042084PJAB8J",
    "label_order_id": "24042084PJAB8J",
    "platform": "SHOPEE",
    "file_url": "https://files.onpoint.vn/order/2024/04/20/440897966M62DYVA6MOB373PB27SA3CBM_shipping_label.pdf",
    "billing_date": "20/04/2024",
    "receiver_name": "Nguy\u1ec5n Qu\u1ef3nh Nh\u01b0",
    "phone_number": "-",
    "street_name": "71/58A L\u00fd T\u1ef1 Tr\u1ecdng",
    "ward": "Ph\u01b0\u1eddng An Ph\u00fa",
    "district": "Qu\u1eadn Ninh Ki\u1ec1u",
    "city": "C\u1ea7n Th\u01a1",
    "monitor_time": "2024-11-20 11:08:50.612781",
    "created_at": "2024-11-20 11:08:50.612790",
    "updated_at": "2024-11-20 11:08:50.612793"
  },
  {
    "order_id": "24042081CAFHQH",
    "label_order_id": "24042081CAFHQH",
    "platform": "SHOPEE",
    "file_url": "https://files.onpoint.vn/order/2024/04/20/206439968V6SCE65JMBFOMQSMGEEBCB3B_shipping_label.pdf",
    "billing_date": "20/04/2024",
    "receiver_name": "Ho\u00e0ng Linh",
    "phone_number": "-",
    "street_name": "T\u00f2a Nh\u00e0 Sunshine, S\u1ed1 16, \u0110\u01b0\u1eddng Ph\u1ea1m H\u00f9ng",
    "ward": "Ph\u01b0\u1eddng M\u1ef9 \u0110\u00ecnh 2",
    "district": "Qu\u1eadn Nam T\u1eeb Li\u00eam",
    "city": "H\u00e0 N\u1ed9i",
    "monitor_time": "2024-11-20 11:08:50.612781",
    "created_at": "2024-11-20 11:08:50.612790",
    "updated_at": "2024-11-20 11:08:50.612793"
  },
  {
    "order_id": "24042074WJ58U7",
    "label_order_id": "24042074WJ58U7",
    "platform": "SHOPEE",
    "file_url": "https://files.onpoint.vn/order/2024/04/20/960586159YQLIJLGASVJE7VBIC3KM75MQ_shipping_label.pdf",
    "billing_date": "20/04/2024",
    "receiver_name": "Ng\u1ecdc \u00c1nh",
    "phone_number": "-",
    "street_name": "492 Nguy\u1ec5n Tr\u00e3i",
    "ward": "Ph\u01b0\u1eddng Thanh Xu\u00e2n Trung",
    "district": "Qu\u1eadn Thanh Xu\u00e2n",
    "city": "H\u00e0 N\u1ed9i",
    "monitor_time": "2024-11-20 11:08:50.612781",
    "created_at": "2024-11-20 11:08:50.612790",
    "updated_at": "2024-11-20 11:08:50.612793"
  },
  {
    "order_id": "2404208BT9AAAA",
    "label_order_id": "2404208BT9AAAA",
    "platform": "SHOPEE",
    "file_url": "https://files.onpoint.vn/order/2024/04/20/118647618Q4K6FSQRLJEWZZBMEGNKQOAD_shipping_label.pdf",
    "billing_date": "20/04/2024",
    "receiver_name": "D\u01b0\u01a1ng V\u0103n H\u1ea3i",
    "phone_number": "-",
    "street_name": "S\u1ed1 279 , khu 2 , th\u1ecb tr\u1ea5n n\u1ebfnh",
    "ward": "Th\u1ecb Tr\u1ea5n N\u1ebfnh",
    "district": "Huy\u1ec7n Vi\u1ec7t Y\u00ean",
    "city": "B\u1eafc Giang",
    "monitor_time": "2024-11-20 11:08:50.612781",
    "created_at": "2024-11-20 11:08:50.612790",
    "updated_at": "2024-11-20 11:08:50.612793"
  },
  {
    "order_id": "2404196MPY9EBW",
    "label_order_id": "2404196MPY9EBW",
    "platform": "SHOPEE",
    "file_url": "https://files.onpoint.vn/order/2024/04/20/697942139UD3J5456OOU5G2DPZGUSVJLQ_shipping_label.pdf",
    "billing_date": "20/04/2024",
    "receiver_name": "Ngoc Quy",
    "phone_number": "-",
    "street_name": "127 \u0111\u01b0\u1eddng s\u1ed1 30 ph\u01b0\u1eddng 6 qu\u1eadn g\u00f2 v\u1ea5p",
    "ward": "Ph\u01b0\u1eddng 6",
    "district": "Qu\u1eadn G\u00f2 V\u1ea5p",
    "city": "TP. H\u1ed3 Ch\u00ed Minh",
    "monitor_time": "2024-11-20 11:08:50.612781",
    "created_at": "2024-11-20 11:08:50.612790",
    "updated_at": "2024-11-20 11:08:50.612793"
  },
  {
    "order_id": "2404207XC4WP8U",
    "label_order_id": "2404207XC4WP8U",
    "platform": "SHOPEE",
    "file_url": "https://files.onpoint.vn/order/2024/04/20/344073549MI6WXW5IMY3HOI5VLCPAJOVR_shipping_label.pdf",
    "billing_date": "20/04/2024",
    "receiver_name": "Ph\u1ea1m th\u1ecb h\u1ea1nh",
    "phone_number": "-",
    "street_name": "11 c\u1eeda b\u1eafc",
    "ward": "Ph\u01b0\u1eddng Tr\u00fac B\u1ea1ch",
    "district": "Qu\u1eadn Ba \u0110\u00ecnh",
    "city": "H\u00e0 N\u1ed9i",
    "monitor_time": "2024-11-20 11:08:50.612781",
    "created_at": "2024-11-20 11:08:50.612790",
    "updated_at": "2024-11-20 11:08:50.612793"
  },
  {
    "order_id": "240420927K8964",
    "label_order_id": "240420927K8964",
    "platform": "SHOPEE",
    "file_url": "https://files.onpoint.vn/order/2024/04/20/722949916IK7ULOHYO32WXVY3ESN53QGM_shipping_label.pdf",
    "billing_date": "20/04/2024",
    "receiver_name": "D\u01b0\u01a1ng N\u1eef Ti\u1ebfn An",
    "phone_number": "-",
    "street_name": "C\u00f4ng Ty Tnhh Ortholite Vn, S\u1ed1 7, \u0110\u01b0\u1eddng S\u1ed1 23, Khu C\u00f4ng Nghi\u1ec7p Vsip2a",
    "ward": "Ph\u01b0\u1eddng V\u0129nh T\u00e2n",
    "district": "Th\u1ecb X\u00e3 T\u00e2n Uy\u00ean",
    "city": "B\u00ecnh D\u01b0\u01a1ng",
    "monitor_time": "2024-11-20 11:08:50.612781",
    "created_at": "2024-11-20 11:08:50.612790",
    "updated_at": "2024-11-20 11:08:50.612793"
  },
  {
    "order_id": "2404208412N4NB",
    "label_order_id": "2404208412N4NB",
    "platform": "SHOPEE",
    "file_url": "https://files.onpoint.vn/order/2024/04/20/388953298A4G5GQAN2SNTEAIWZXZKXF7T_shipping_label.pdf",
    "billing_date": "20/04/2024",
    "receiver_name": "Ph\u1ea1m Minh T\u00e2m",
    "phone_number": "-",
    "street_name": "75 Tam Trinh, ph\u01b0\u1eddng Mai \u0110\u1ed9ng, qu\u1eadn Ho\u00e0ng Mai, H\u00e0 N\u1ed9i",
    "ward": "Ph\u01b0\u1eddng Mai \u0110\u1ed9ng",
    "district": "Qu\u1eadn Ho\u00e0ng Mai",
    "city": "H\u00e0 N\u1ed9i",
    "monitor_time": "2024-11-20 11:08:50.612781",
    "created_at": "2024-11-20 11:08:50.612790",
    "updated_at": "2024-11-20 11:08:50.612793"
  },
  {
    "order_id": "240420751VCP3T",
    "label_order_id": "240420751VCP3T",
    "platform": "SHOPEE",
    "file_url": "https://files.onpoint.vn/order/2024/04/20/1547201546H45MZ644VUBLRIZ7WMZDXWM_shipping_label.pdf",
    "billing_date": "20/04/2024",
    "receiver_name": "Kim hu\u1ec7",
    "phone_number": "-",
    "street_name": "285 \u0111\u1ed9i c\u1ea5n",
    "ward": "Ph\u01b0\u1eddng Li\u1ec5u Giai",
    "district": "Qu\u1eadn Ba \u0110\u00ecnh",
    "city": "H\u00e0 N\u1ed9i",
    "monitor_time": "2024-11-20 11:08:50.612781",
    "created_at": "2024-11-20 11:08:50.612790",
    "updated_at": "2024-11-20 11:08:50.612793"
  },
  {
    "order_id": "2404208PAJK44E",
    "label_order_id": "2404208PAJK44E",
    "platform": "SHOPEE",
    "file_url": "https://files.onpoint.vn/order/2024/04/20/256608712ZD2Y6ZOM3DUJBLMD3GRZCX5M_shipping_label.pdf",
    "billing_date": "20/04/2024",
    "receiver_name": "Ho\u00e0ng Anh Uy\u00ean",
    "phone_number": "-",
    "street_name": "19/3/10 Ho\u00e0ng Di\u1ec7u",
    "ward": "Ph\u01b0\u1eddng 5",
    "district": "Th\u00e0nh Ph\u1ed1 \u0110\u00e0 L\u1ea1t",
    "city": "L\u00e2m \u0110\u1ed3ng",
    "monitor_time": "2024-11-20 11:08:50.612781",
    "created_at": "2024-11-20 11:08:50.612790",
    "updated_at": "2024-11-20 11:08:50.612793"
  },
  {
    "order_id": "2404207G63R16R",
    "label_order_id": "2404207G63R16R",
    "platform": "SHOPEE",
    "file_url": "https://files.onpoint.vn/order/2024/04/20/349459734OYCXCNTXKU2NYBWLUNWEQMPA_shipping_label.pdf",
    "billing_date": "20/04/2024",
    "receiver_name": "Y\u1ebfn Nhi",
    "phone_number": "-",
    "street_name": "1063 L\u00ea V\u0103n L\u01b0\u01a1ng",
    "ward": "X\u00e3 Ph\u01b0\u1edbc Ki\u1ec3n",
    "district": "Huy\u1ec7n Nh\u00e0 B\u00e8",
    "city": "TP. H\u1ed3 Ch\u00ed Minh",
    "monitor_time": "2024-11-20 11:08:50.612781",
    "created_at": "2024-11-20 11:08:50.612790",
    "updated_at": "2024-11-20 11:08:50.612793"
  },
  {
    "order_id": "2404207H800601",
    "label_order_id": "2404207H800601",
    "platform": "SHOPEE",
    "file_url": "https://files.onpoint.vn/order/2024/04/20/843925033OMRFSJFUMTHCPACO5S7YKFWJ_shipping_label.pdf",
    "billing_date": "20/04/2024",
    "receiver_name": "Thu\u1ef7 H",
    "phone_number": "-",
    "street_name": "Ng\u00f5 1A, g\u1ea7n ng\u00e3 3 L\u1ea1c Th\u1ecb, Ng\u1ecdc H\u1ed3i, Thanh Tr\u00ec, H\u00e0 N\u1ed9i",
    "ward": "X\u00e3 Ng\u1ecdc H\u1ed3i",
    "district": "Huy\u1ec7n Thanh Tr\u00ec",
    "city": "H\u00e0 N\u1ed9i",
    "monitor_time": "2024-11-20 11:08:50.612781",
    "created_at": "2024-11-20 11:08:50.612790",
    "updated_at": "2024-11-20 11:08:50.612793"
  },
  {
    "order_id": "2404196P4T08RS",
    "label_order_id": "2404196P4T08RS",
    "platform": "SHOPEE",
    "file_url": "https://files.onpoint.vn/order/2024/04/20/1392185836XPTBTHTDRDDD2TYD52OXKVC_shipping_label.pdf",
    "billing_date": "20/04/2024",
    "receiver_name": "Qu\u00e1ch Lu\u00e2n",
    "phone_number": "-",
    "street_name": "Nh\u00e0 h\u00e0ng Jang House Long Xuy\u00ean, 27 Ph\u1ea1m C\u1ef1 L\u01b0\u1ee3ng",
    "ward": "Ph\u01b0\u1eddng M\u1ef9 Qu\u00fd",
    "district": "Th\u00e0nh Ph\u1ed1 Long Xuy\u00ean",
    "city": "An Giang",
    "monitor_time": "2024-11-20 11:08:50.612781",
